time	V(n001)	V(n002)	I(R1)
0.000000000000000e+000	1.200000e+001	-6.000000e+000	2.508862e-011
5.714285394071390e-011	1.200001e+001	-5.998396e+000	-6.640227e-008
1.142857078814278e-010	1.200003e+001	-5.996753e+000	-2.603839e-007
1.714285618221417e-010	1.200006e+001	-5.995073e+000	-5.819197e-007
2.285714157628556e-010	1.200010e+001	-5.993353e+000	-1.031010e-006
2.857142697035695e-010	1.200016e+001	-5.991596e+000	-1.607654e-006
3.428571236442834e-010	1.200023e+001	-5.989800e+000	-2.311853e-006
3.999999775849972e-010	1.200031e+001	-5.987966e+000	-3.143605e-006
7.999999551699943e-010	1.200125e+001	-5.974056e+000	-1.246037e-005
1.599999910339989e-009	1.200491e+001	-5.940657e+000	-4.906535e-005
3.199999820679977e-009	1.201906e+001	-5.851819e+000	-1.905635e-004
6.399999641359955e-009	1.206704e+001	-5.607630e+000	-6.703980e-004
1.000000000000000e-008	1.214039e+001	-5.265345e+000	-1.403869e-003
1.108000010759202e-008	1.216837e+001	-5.168573e+000	-1.683728e-003
1.252000025104803e-008	1.220378e+001	-5.041205e+000	-2.037847e-003
1.540000053796007e-008	1.226826e+001	-4.792281e+000	-2.682565e-003
2.116000111178415e-008	1.237664e+001	-4.314839e+000	-3.766422e-003
3.092562611178414e-008	1.251799e+001	-3.551916e+000	-5.179943e-003
4.069125111178414e-008	1.261641e+001	-2.843047e+000	-6.164131e-003
5.045687611178414e-008	1.267758e+001	-2.189821e+000	-6.775775e-003
6.022250111178414e-008	1.271143e+001	-1.587349e+000	-7.114269e-003
6.998812611178414e-008	1.272544e+001	-1.031275e+000	-7.254391e-003
7.975375111178414e-008	1.272520e+001	-5.176980e-001	-7.252044e-003
8.951937611178414e-008	1.271488e+001	-4.310931e-002	-7.148820e-003
9.928500111178414e-008	1.269755e+001	3.956608e-001	-6.975527e-003
1.090506261117841e-007	1.267549e+001	8.014856e-001	-6.754904e-003
1.188162511117841e-007	1.265037e+001	1.176978e+000	-6.503661e-003
1.285818761117841e-007	1.262340e+001	1.524519e+000	-6.234026e-003
1.383475011117841e-007	1.259549e+001	1.846286e+000	-5.954893e-003
1.481131261117841e-007	1.256727e+001	2.144273e+000	-5.672689e-003
1.578787511117841e-007	1.253920e+001	2.420305e+000	-5.392009e-003
1.676443761117841e-007	1.251161e+001	2.676061e+000	-5.116102e-003
1.774100011117841e-007	1.248472e+001	2.913084e+000	-4.847215e-003
1.871756261117841e-007	1.245869e+001	3.132790e+000	-4.586861e-003
1.969412511117841e-007	1.243360e+001	3.336487e+000	-4.335949e-003
2.067068761117841e-007	1.240927e+001	3.525353e+000	-4.092728e-003
2.164725011117841e-007	1.238022e+001	3.699944e+000	-3.802187e-003
2.262381261117841e-007	1.229030e+001	3.855588e+000	-2.903026e-003
2.360037511117841e-007	1.197130e+001	3.975771e+000	2.870306e-004
2.457693761117841e-007	1.127581e+001	4.044974e+000	7.241865e-003
2.555350011117842e-007	1.030465e+001	4.072627e+000	1.695353e-002
2.653006261117842e-007	9.296206e+000	4.083253e+000	2.703794e-002
2.750662511117842e-007	8.376418e+000	4.090230e+000	3.623582e-002
2.848318761117842e-007	7.563808e+000	4.095576e+000	4.436191e-002
2.945975011117843e-007	6.857922e+000	4.099525e+000	5.142078e-002
3.043631261117843e-007	6.255120e+000	4.102396e+000	5.744880e-002
3.141287511117843e-007	5.747717e+000	4.104452e+000	6.252283e-002
3.238943761117843e-007	5.324986e+000	4.105936e+000	6.675014e-002
3.336600011117844e-007	4.974221e+000	4.107056e+000	7.025779e-002
3.434256261117844e-007	4.682054e+000	4.107976e+000	7.317947e-002
3.531912511117844e-007	4.435711e+000	4.108808e+000	7.564288e-002
3.629568761117844e-007	4.224008e+000	4.109614e+000	7.775992e-002
3.824881261117845e-007	3.870398e+000	4.111241e+000	8.129601e-002
4.117850011117846e-007	3.436522e+000	4.113709e+000	8.563478e-002
4.299211618260703e-007	3.203639e+000	4.115220e+000	8.796361e-002
4.480573225403561e-007	2.975660e+000	4.116716e+000	9.024340e-002
4.661934832546419e-007	2.752585e+000	4.118199e+000	9.247415e-002
4.843296439689276e-007	2.534414e+000	4.119668e+000	9.465586e-002
5.024658046832134e-007	2.321146e+000	4.121124e+000	9.678854e-002
5.206019653974992e-007	2.112782e+000	4.122566e+000	9.887218e-002
5.387381261117849e-007	1.909321e+000	4.123993e+000	1.009068e-001
5.596644653974993e-007	1.671392e+000	4.125614e+000	1.032861e-001
5.805908046832136e-007	1.433979e+000	4.127253e+000	1.056602e-001
6.015171439689279e-007	1.197083e+000	4.128911e+000	1.080292e-001
6.224434832546423e-007	9.607021e-001	4.130588e+000	1.103930e-001
6.433698225403567e-007	7.248378e-001	4.132283e+000	1.127516e-001
6.642961618260710e-007	4.894896e-001	4.133997e+000	1.151051e-001
6.852225011117853e-007	2.546576e-001	4.135730e+000	1.174534e-001
6.949881261117853e-007	1.477801e-001	4.138097e+000	1.185222e-001
7.004320544729478e-007	9.612805e-002	4.143917e+000	1.190387e-001
7.036633924095599e-007	7.559921e-002	4.153091e+000	1.192440e-001
7.080530101097613e-007	5.950221e-002	4.172130e+000	1.194050e-001
7.104572916412858e-007	5.345806e-002	4.184016e+000	1.194654e-001
7.140276858156763e-007	4.689565e-002	4.202797e+000	1.195310e-001
7.196092976046189e-007	3.918414e-002	4.233155e+000	1.196082e-001
7.257551942005473e-007	3.302073e-002	4.267234e+000	1.196698e-001
7.335332222842533e-007	2.751169e-002	4.310615e+000	1.197249e-001
7.420711014265084e-007	2.322325e-002	4.357905e+000	1.197678e-001
7.518367264265084e-007	1.973226e-002	4.411124e+000	1.198027e-001
7.616023514265084e-007	1.718267e-002	4.463141e+000	1.198282e-001
7.713679764265084e-007	1.527084e-002	4.513767e+000	1.198473e-001
7.811336014265085e-007	1.378827e-002	4.562933e+000	1.198621e-001
7.908992264265085e-007	1.260727e-002	4.610614e+000	1.198739e-001
8.006648514265085e-007	1.164547e-002	4.656815e+000	1.198835e-001
8.104304764265085e-007	1.084782e-002	4.701554e+000	1.198915e-001
8.201961014265086e-007	1.017608e-002	4.744859e+000	1.198982e-001
8.299617264265086e-007	9.603009e-003	4.786762e+000	1.199040e-001
8.494929764265086e-007	8.678069e-003	4.866510e+000	1.199132e-001
8.690242264265087e-007	7.965285e-003	4.941100e+000	1.199203e-001
8.885554764265087e-007	7.400359e-003	5.010837e+000	1.199260e-001
9.178523514265088e-007	6.745033e-003	5.106994e+000	1.199325e-001
9.471492264265089e-007	6.248638e-003	5.193854e+000	1.199375e-001
9.722608335693661e-007	5.933926e-003	5.260540e+000	1.199407e-001
9.973724407122234e-007	5.653957e-003	5.322622e+000	1.199435e-001
1.022484047855081e-006	5.408731e-003	5.380103e+000	1.199459e-001
1.047595654997938e-006	5.198248e-003	5.432980e+000	1.199480e-001
1.072707262140795e-006	5.022507e-003	5.481256e+000	1.199498e-001
1.097818869283652e-006	4.881510e-003	5.524929e+000	1.199512e-001
1.122930476426509e-006	4.775255e-003	5.563999e+000	1.199522e-001
1.148042083569367e-006	4.671608e-003	5.600100e+000	1.199533e-001
1.173153690712224e-006	4.577221e-003	5.633705e+000	1.199542e-001
1.198265297855081e-006	4.492093e-003	5.664815e+000	1.199551e-001
1.223376904997938e-006	4.416226e-003	5.693428e+000	1.199558e-001
1.248488512140795e-006	4.349618e-003	5.719546e+000	1.199565e-001
1.273600119283653e-006	4.292269e-003	5.743168e+000	1.199571e-001
1.298711726426510e-006	4.244181e-003	5.764294e+000	1.199576e-001
1.323823333569367e-006	4.199442e-003	5.783816e+000	1.199580e-001
1.348934940712224e-006	4.158262e-003	5.801988e+000	1.199584e-001
1.374046547855082e-006	4.120641e-003	5.818810e+000	1.199588e-001
1.399158154997939e-006	4.086580e-003	5.834281e+000	1.199591e-001
1.424269762140796e-006	4.056077e-003	5.848403e+000	1.199594e-001
1.449381369283653e-006	4.029134e-003	5.861174e+000	1.199597e-001
1.474492976426510e-006	4.005750e-003	5.872594e+000	1.199599e-001
1.499604583569368e-006	3.984131e-003	5.883148e+000	1.199602e-001
1.524716190712225e-006	3.964127e-003	5.892972e+000	1.199604e-001
1.549827797855082e-006	3.945736e-003	5.902065e+000	1.199605e-001
1.574939404997939e-006	3.928959e-003	5.910429e+000	1.199607e-001
1.600051012140796e-006	3.913796e-003	5.918062e+000	1.199609e-001
1.625162619283654e-006	3.900247e-003	5.924965e+000	1.199610e-001
1.650274226426511e-006	3.888311e-003	5.931138e+000	1.199611e-001
1.675385833569368e-006	3.877287e-003	5.936843e+000	1.199612e-001
1.700497440712225e-006	3.867057e-003	5.942153e+000	1.199613e-001
1.725609047855082e-006	3.857622e-003	5.947068e+000	1.199614e-001
1.750720654997940e-006	3.848982e-003	5.951588e+000	1.199615e-001
1.775832262140797e-006	3.841137e-003	5.955714e+000	1.199616e-001
1.800943869283654e-006	3.834087e-003	5.959445e+000	1.199617e-001
1.826055476426511e-006	3.827831e-003	5.962782e+000	1.199617e-001
1.851167083569368e-006	3.822053e-003	5.965865e+000	1.199618e-001
1.876278690712226e-006	3.816684e-003	5.968735e+000	1.199618e-001
1.901390297855083e-006	3.811724e-003	5.971392e+000	1.199619e-001
1.926501904997940e-006	3.807172e-003	5.973835e+000	1.199619e-001
1.951613512140797e-006	3.803029e-003	5.976065e+000	1.199620e-001
1.976725119283655e-006	3.799295e-003	5.978082e+000	1.199620e-001
2.001836726426512e-006	3.795970e-003	5.979885e+000	1.199620e-001
2.026948333569369e-006	3.792898e-003	5.981552e+000	1.199621e-001
2.052059940712226e-006	3.790041e-003	5.983103e+000	1.199621e-001
2.077171547855083e-006	3.787399e-003	5.984539e+000	1.199621e-001
2.102283154997941e-006	3.784973e-003	5.985859e+000	1.199622e-001
2.127394762140798e-006	3.782761e-003	5.987064e+000	1.199622e-001
2.152506369283655e-006	3.780765e-003	5.988154e+000	1.199622e-001
2.177617976426512e-006	3.778984e-003	5.989129e+000	1.199622e-001
2.202729583569369e-006	3.777338e-003	5.990029e+000	1.199622e-001
2.227841190712227e-006	3.775807e-003	5.990868e+000	1.199622e-001
2.252952797855084e-006	3.774391e-003	5.991644e+000	1.199623e-001
2.278064404997941e-006	3.773089e-003	5.992357e+000	1.199623e-001
2.303176012140798e-006	3.771902e-003	5.993009e+000	1.199623e-001
2.328287619283656e-006	3.770829e-003	5.993598e+000	1.199623e-001
2.353399226426513e-006	3.769871e-003	5.994124e+000	1.199623e-001
2.378510833569370e-006	3.768986e-003	5.994611e+000	1.199623e-001
2.403622440712227e-006	3.768162e-003	5.995064e+000	1.199623e-001
2.428734047855084e-006	3.767400e-003	5.995484e+000	1.199623e-001
2.453845654997942e-006	3.766699e-003	5.995869e+000	1.199623e-001
2.478957262140799e-006	3.766059e-003	5.996221e+000	1.199623e-001
2.504068869283656e-006	3.765482e-003	5.996540e+000	1.199623e-001
2.529180476426513e-006	3.764965e-003	5.996824e+000	1.199623e-001
2.554292083569370e-006	3.764488e-003	5.997088e+000	1.199624e-001
2.579403690712228e-006	3.764044e-003	5.997333e+000	1.199624e-001
2.604515297855085e-006	3.763633e-003	5.997559e+000	1.199624e-001
2.629626904997942e-006	3.763255e-003	5.997768e+000	1.199624e-001
2.654738512140799e-006	3.762910e-003	5.997958e+000	1.199624e-001
2.679850119283657e-006	3.762598e-003	5.998130e+000	1.199624e-001
2.704961726426514e-006	3.762319e-003	5.998284e+000	1.199624e-001
2.730073333569371e-006	3.762062e-003	5.998426e+000	1.199624e-001
2.755184940712228e-006	3.761822e-003	5.998558e+000	1.199624e-001
2.780296547855085e-006	3.761600e-003	5.998681e+000	1.199624e-001
2.805408154997943e-006	3.761396e-003	5.998793e+000	1.199624e-001
2.830519762140800e-006	3.761210e-003	5.998896e+000	1.199624e-001
2.855631369283657e-006	3.761042e-003	5.998989e+000	1.199624e-001
2.880742976426514e-006	3.760891e-003	5.999073e+000	1.199624e-001
2.907249672855085e-006	3.760745e-003	5.999153e+000	1.199624e-001
2.933756369283657e-006	3.760609e-003	5.999228e+000	1.199624e-001
2.960263065712229e-006	3.760484e-003	5.999297e+000	1.199624e-001
2.986769762140800e-006	3.760370e-003	5.999360e+000	1.199624e-001
3.013276458569372e-006	3.760266e-003	5.999418e+000	1.199624e-001
3.039783154997943e-006	3.760172e-003	5.999470e+000	1.199624e-001
3.066289851426514e-006	3.760089e-003	5.999516e+000	1.199624e-001
3.092796547855086e-006	3.760013e-003	5.999558e+000	1.199624e-001
3.119303244283658e-006	3.759942e-003	5.999597e+000	1.199624e-001
3.145809940712229e-006	3.759877e-003	5.999633e+000	1.199624e-001
3.172316637140800e-006	3.759817e-003	5.999666e+000	1.199624e-001
3.198823333569372e-006	3.759763e-003	5.999696e+000	1.199624e-001
3.225330029997944e-006	3.759714e-003	5.999723e+000	1.199624e-001
3.251836726426515e-006	3.759671e-003	5.999747e+000	1.199624e-001
3.278343422855086e-006	3.759631e-003	5.999769e+000	1.199624e-001
3.304850119283658e-006	3.759594e-003	5.999790e+000	1.199624e-001
3.331356815712230e-006	3.759560e-003	5.999809e+000	1.199624e-001
3.357863512140801e-006	3.759528e-003	5.999826e+000	1.199624e-001
3.384370208569373e-006	3.759500e-003	5.999841e+000	1.199624e-001
3.410876904997944e-006	3.759475e-003	5.999856e+000	1.199624e-001
3.437383601426515e-006	3.759452e-003	5.999868e+000	1.199624e-001
3.466680476426516e-006	3.759429e-003	5.999880e+000	1.199624e-001
3.495977351426516e-006	3.759408e-003	5.999892e+000	1.199624e-001
3.525274226426516e-006	3.759389e-003	5.999903e+000	1.199624e-001
3.554571101426516e-006	3.759371e-003	5.999912e+000	1.199624e-001
3.583867976426516e-006	3.759355e-003	5.999921e+000	1.199624e-001
3.613164851426516e-006	3.759342e-003	5.999929e+000	1.199624e-001
3.642461726426516e-006	3.759329e-003	5.999936e+000	1.199624e-001
3.674548779997944e-006	3.759317e-003	5.999942e+000	1.199624e-001
3.706635833569373e-006	3.759306e-003	5.999948e+000	1.199624e-001
3.738722887140801e-006	3.759296e-003	5.999954e+000	1.199624e-001
3.770809940712229e-006	3.759287e-003	5.999959e+000	1.199624e-001
3.802896994283657e-006	3.759279e-003	5.999963e+000	1.199624e-001
3.834984047855086e-006	3.759272e-003	5.999967e+000	1.199624e-001
3.867071101426514e-006	3.759266e-003	5.999970e+000	1.199624e-001
3.904738512140798e-006	3.759260e-003	5.999974e+000	1.199624e-001
3.942405922855082e-006	3.759254e-003	5.999977e+000	1.199624e-001
3.980073333569366e-006	3.759249e-003	5.999980e+000	1.199624e-001
4.017740744283651e-006	3.759244e-003	5.999983e+000	1.199624e-001
4.055408154997935e-006	3.759240e-003	5.999985e+000	1.199624e-001
4.093075565712219e-006	3.759237e-003	5.999987e+000	1.199624e-001
4.130742976426503e-006	3.759234e-003	5.999988e+000	1.199624e-001
4.180966190712216e-006	3.759231e-003	5.999990e+000	1.199624e-001
4.231189404997928e-006	3.759228e-003	5.999992e+000	1.199624e-001
4.281412619283640e-006	3.759226e-003	5.999993e+000	1.199624e-001
4.331635833569352e-006	3.759223e-003	5.999994e+000	1.199624e-001
4.381859047855064e-006	3.759222e-003	5.999995e+000	1.199624e-001
4.432082262140777e-006	3.759220e-003	5.999996e+000	1.199624e-001
4.482305476426489e-006	3.759219e-003	5.999997e+000	1.199624e-001
4.557690408365562e-006	3.759219e-003	5.999997e+000	1.199624e-001
4.633075340304635e-006	3.759218e-003	5.999998e+000	1.199624e-001
4.708460272243708e-006	3.759217e-003	5.999998e+000	1.199624e-001
4.783845204182781e-006	3.759215e-003	5.999999e+000	1.199624e-001
4.859230136121854e-006	3.759213e-003	5.999999e+000	1.199624e-001
4.934615068060927e-006	3.759210e-003	5.999999e+000	1.199624e-001
5.010000000000000e-006	3.759207e-003	6.000000e+000	1.199624e-001
5.011272026239160e-006	3.496295e-003	5.959417e+000	1.199650e-001
5.015865995111479e-006	2.554443e-003	5.764707e+000	1.199744e-001
5.017527857996503e-006	2.217814e-003	5.670540e+000	1.199778e-001
5.020000000000000e-006	1.709386e-003	5.518186e+000	1.199829e-001
5.022641826057255e-006	1.790373e-003	5.412311e+000	1.199821e-001
5.025283652114510e-006	1.897067e-003	5.307430e+000	1.199810e-001
5.027925478171765e-006	2.029468e-003	5.203545e+000	1.199797e-001
5.030567304229020e-006	2.187576e-003	5.100656e+000	1.199781e-001
5.033209130286275e-006	2.371391e-003	4.998761e+000	1.199763e-001
5.035850956343529e-006	2.580913e-003	4.897862e+000	1.199742e-001
5.038492782400784e-006	2.816141e-003	4.797959e+000	1.199718e-001
5.045723409467766e-006	3.765928e-003	4.527902e+000	1.199623e-001
5.051570641191740e-006	5.134256e-003	4.314612e+000	1.199487e-001
5.055822909606968e-006	6.958254e-003	4.162763e+000	1.199304e-001
5.059132940453324e-006	9.547832e-003	4.046885e+000	1.199045e-001
5.061797611383946e-006	1.330948e-002	3.955581e+000	1.198669e-001
5.064103319468459e-006	1.910372e-002	3.878741e+000	1.198090e-001
5.066125759444407e-006	2.800719e-002	3.814045e+000	1.197199e-001
5.067845523316649e-006	4.140022e-002	3.762738e+000	1.195860e-001
5.069403255522369e-006	6.198934e-002	3.721398e+000	1.193801e-001
5.071055156751205e-006	9.400028e-002	3.683646e+000	1.190600e-001
5.073007060374753e-006	1.411082e-001	3.644631e+000	1.185889e-001
5.075282509498321e-006	2.026739e-001	3.603290e+000	1.179733e-001
5.078241125243857e-006	2.878693e-001	3.553013e+000	1.171213e-001
5.083020164026777e-006	4.302201e-001	3.475682e+000	1.156978e-001
5.090701121600244e-006	6.626257e-001	3.355944e+000	1.133737e-001
5.100466746600243e-006	9.592091e-001	3.207922e+000	1.104079e-001
5.129763621600242e-006	1.845704e+000	2.771348e+000	1.015430e-001
5.139529246600242e-006	2.154833e+000	2.618065e+000	9.845167e-002
5.149294871600241e-006	2.502208e+000	2.448629e+000	9.497792e-002
5.159060496600241e-006	2.936810e+000	2.246531e+000	9.063190e-002
5.168826121600240e-006	3.511923e+000	1.994946e+000	8.488077e-002
5.178591746600240e-006	4.238268e+000	1.690745e+000	7.761732e-002
5.188357371600240e-006	5.068945e+000	1.346777e+000	6.931055e-002
5.198122996600239e-006	5.934021e+000	9.804047e-001	6.065979e-002
5.207888621600239e-006	6.774315e+000	6.051532e-001	5.225686e-002
5.217654246600238e-006	7.551136e+000	2.299636e-001	4.448864e-002
5.227419871600238e-006	8.244117e+000	-1.393308e-001	3.755883e-002
5.237185496600238e-006	8.846344e+000	-4.988240e-001	3.153656e-002
5.246951121600237e-006	9.359696e+000	-8.458549e-001	2.640304e-002
5.256716746600237e-006	9.791143e+000	-1.178629e+000	2.208856e-002
5.266482371600236e-006	1.015010e+001	-1.495997e+000	1.849903e-002
5.276247996600236e-006	1.044668e+001	-1.797302e+000	1.553323e-002
5.286013621600236e-006	1.069067e+001	-2.082276e+000	1.309333e-002
5.295779246600235e-006	1.089097e+001	-2.350948e+000	1.109031e-002
5.305544871600235e-006	1.105536e+001	-2.603576e+000	9.446407e-003
5.315310496600234e-006	1.119045e+001	-2.840587e+000	8.095453e-003
5.325076121600234e-006	1.130177e+001	-3.062529e+000	6.982269e-003
5.334841746600234e-006	1.139385e+001	-3.270033e+000	6.061470e-003
5.344607371600233e-006	1.147039e+001	-3.463784e+000	5.296112e-003
5.354372996600233e-006	1.153436e+001	-3.644492e+000	4.656349e-003
5.364138621600232e-006	1.158818e+001	-3.812881e+000	4.118197e-003
5.373904246600232e-006	1.163375e+001	-3.969668e+000	3.662449e-003
5.383669871600232e-006	1.167262e+001	-4.115559e+000	3.273762e-003
5.393435496600231e-006	1.170601e+001	-4.251235e+000	2.939887e-003
5.403201121600231e-006	1.173489e+001	-4.377355e+000	2.651048e-003
5.412966746600230e-006	1.176006e+001	-4.494547e+000	2.399429e-003
5.422732371600230e-006	1.178212e+001	-4.603407e+000	2.178774e-003
5.432497996600230e-006	1.180159e+001	-4.704500e+000	1.984058e-003
5.442263621600229e-006	1.181888e+001	-4.798358e+000	1.811230e-003
5.452029246600229e-006	1.183430e+001	-4.885483e+000	1.657011e-003
5.461794871600228e-006	1.184813e+001	-4.966343e+000	1.518733e-003
5.471560496600228e-006	1.186058e+001	-5.041379e+000	1.394212e-003
5.481326121600228e-006	1.187183e+001	-5.111002e+000	1.281648e-003
5.491091746600227e-006	1.188204e+001	-5.175595e+000	1.179549e-003
5.500857371600227e-006	1.189133e+001	-5.235518e+000	1.086668e-003
5.510622996600226e-006	1.189981e+001	-5.291102e+000	1.001953e-003
5.520388621600226e-006	1.190755e+001	-5.342660e+000	9.245165e-004
5.530154246600226e-006	1.191464e+001	-5.390480e+000	8.535949e-004
5.539919871600225e-006	1.192115e+001	-5.434830e+000	7.885327e-004
5.549685496600225e-006	1.192712e+001	-5.475961e+000	7.287609e-004
5.559451121600224e-006	1.193262e+001	-5.514106e+000	6.737822e-004
5.569216746600224e-006	1.193768e+001	-5.549479e+000	6.231594e-004
5.578982371600224e-006	1.194235e+001	-5.582282e+000	5.765056e-004
5.588747996600223e-006	1.194665e+001	-5.612700e+000	5.334765e-004
5.598513621600223e-006	1.195062e+001	-5.640906e+000	4.937645e-004
5.608279246600222e-006	1.195429e+001	-5.667060e+000	4.570932e-004
5.618044871600222e-006	1.195768e+001	-5.691312e+000	4.232134e-004
5.627810496600222e-006	1.196081e+001	-5.713799e+000	3.918994e-004
5.637576121600221e-006	1.196371e+001	-5.734649e+000	3.629467e-004
5.647341746600221e-006	1.196638e+001	-5.753982e+000	3.361689e-004
5.657107371600220e-006	1.196886e+001	-5.771907e+000	3.113958e-004
5.666872996600220e-006	1.197115e+001	-5.788527e+000	2.884722e-004
5.676638621600220e-006	1.197327e+001	-5.803936e+000	2.672556e-004
5.686404246600219e-006	1.197524e+001	-5.818224e+000	2.476155e-004
5.696169871600219e-006	1.197706e+001	-5.831471e+000	2.294319e-004
5.705935496600218e-006	1.197874e+001	-5.843753e+000	2.125944e-004
5.715701121600218e-006	1.198030e+001	-5.855140e+000	1.970017e-004
5.725466746600218e-006	1.198174e+001	-5.865698e+000	1.825601e-004
5.735232371600217e-006	1.198308e+001	-5.875486e+000	1.691834e-004
5.744997996600217e-006	1.198432e+001	-5.884562e+000	1.567921e-004
5.754763621600216e-006	1.198547e+001	-5.892976e+000	1.453127e-004
5.764529246600216e-006	1.198653e+001	-5.900777e+000	1.346774e-004
5.774294871600216e-006	1.198752e+001	-5.908010e+000	1.248235e-004
5.784060496600215e-006	1.198843e+001	-5.914715e+000	1.156932e-004
5.793826121600215e-006	1.198928e+001	-5.920932e+000	1.072330e-004
5.803591746600215e-006	1.199006e+001	-5.926695e+000	9.939324e-005
5.813357371600214e-006	1.199079e+001	-5.932039e+000	9.212822e-005
5.823122996600214e-006	1.199146e+001	-5.936993e+000	8.539554e-005
5.832888621600213e-006	1.199208e+001	-5.941586e+000	7.915601e-005
5.842654246600213e-006	1.199266e+001	-5.945845e+000	7.337333e-005
5.852419871600213e-006	1.199320e+001	-5.949793e+000	6.801391e-005
5.862185496600212e-006	1.199370e+001	-5.953453e+000	6.304665e-005
5.871951121600212e-006	1.199416e+001	-5.956846e+000	5.844275e-005
5.881716746600211e-006	1.199458e+001	-5.959992e+000	5.417555e-005
5.891482371600211e-006	1.199498e+001	-5.962909e+000	5.022035e-005
5.901247996600211e-006	1.199534e+001	-5.965613e+000	4.655427e-005
5.911013621600210e-006	1.199568e+001	-5.968120e+000	4.315612e-005
5.920779246600210e-006	1.199600e+001	-5.970444e+000	4.000629e-005
5.930544871600209e-006	1.199629e+001	-5.972599e+000	3.708658e-005
5.940310496600209e-006	1.199656e+001	-5.974597e+000	3.438015e-005
5.950076121600209e-006	1.199681e+001	-5.976449e+000	3.187139e-005
5.959841746600208e-006	1.199705e+001	-5.978166e+000	2.954584e-005
5.969607371600208e-006	1.199726e+001	-5.979757e+000	2.739010e-005
5.979372996600207e-006	1.199746e+001	-5.981234e+000	2.539176e-005
5.989138621600207e-006	1.199765e+001	-5.982602e+000	2.353930e-005
5.998904246600207e-006	1.199782e+001	-5.983870e+000	2.182207e-005
6.008669871600206e-006	1.199798e+001	-5.985046e+000	2.023018e-005
6.018435496600206e-006	1.199813e+001	-5.986136e+000	1.875447e-005
6.028201121600205e-006	1.199826e+001	-5.987147e+000	1.738646e-005
6.037966746600205e-006	1.199839e+001	-5.988084e+000	1.611827e-005
6.047732371600205e-006	1.199851e+001	-5.988953e+000	1.494263e-005
6.057497996600204e-006	1.199862e+001	-5.989758e+000	1.385277e-005
6.067263621600204e-006	1.199872e+001	-5.990505e+000	1.284242e-005
6.077029246600203e-006	1.199881e+001	-5.991198e+000	1.190579e-005
6.086794871600203e-006	1.199890e+001	-5.991839e+000	1.103748e-005
6.096560496600203e-006	1.199898e+001	-5.992434e+000	1.023252e-005
6.106326121600202e-006	1.199905e+001	-5.992986e+000	9.486284e-006
6.116091746600202e-006	1.199912e+001	-5.993497e+000	8.794479e-006
6.125857371600201e-006	1.199918e+001	-5.993971e+000	8.153135e-006
6.135622996600201e-006	1.199924e+001	-5.994411e+000	7.558572e-006
6.145388621600201e-006	1.199930e+001	-5.994818e+000	7.007375e-006
6.155154246600200e-006	1.199935e+001	-5.995196e+000	6.496379e-006
6.164919871600200e-006	1.199940e+001	-5.995546e+000	6.022653e-006
6.174685496600199e-006	1.199944e+001	-5.995871e+000	5.583477e-006
6.184451121600199e-006	1.199948e+001	-5.996172e+000	5.176330e-006
6.194216746600199e-006	1.199952e+001	-5.996451e+000	4.798876e-006
6.203982371600198e-006	1.199955e+001	-5.996710e+000	4.448949e-006
6.213747996600198e-006	1.199959e+001	-5.996950e+000	4.124541e-006
6.223513621600197e-006	1.199962e+001	-5.997172e+000	3.823791e-006
6.233279246600197e-006	1.199965e+001	-5.997378e+000	3.544973e-006
6.243044871600197e-006	1.199967e+001	-5.997570e+000	3.286487e-006
6.252810496600196e-006	1.199969e+001	-5.997746e+000	3.046850e-006
6.262576121600196e-006	1.199972e+001	-5.997911e+000	2.824688e-006
6.272341746600195e-006	1.199974e+001	-5.998063e+000	2.618727e-006
6.282107371600195e-006	1.199976e+001	-5.998204e+000	2.427784e-006
6.291872996600195e-006	1.199977e+001	-5.998335e+000	2.250765e-006
6.301638621600194e-006	1.199979e+001	-5.998457e+000	2.086653e-006
6.311404246600194e-006	1.199981e+001	-5.998569e+000	1.934508e-006
6.321169871600193e-006	1.199982e+001	-5.998673e+000	1.793457e-006
6.330935496600193e-006	1.199983e+001	-5.998770e+000	1.662692e-006
6.340701121600193e-006	1.199985e+001	-5.998860e+000	1.541461e-006
6.350466746600192e-006	1.199986e+001	-5.998943e+000	1.429070e-006
6.360232371600192e-006	1.199987e+001	-5.999020e+000	1.324874e-006
6.369997996600191e-006	1.199988e+001	-5.999092e+000	1.228275e-006
6.379763621600191e-006	1.199989e+001	-5.999158e+000	1.138720e-006
6.389529246600191e-006	1.199989e+001	-5.999219e+000	1.055695e-006
6.399294871600190e-006	1.199990e+001	-5.999276e+000	9.787238e-007
6.409060496600190e-006	1.199991e+001	-5.999329e+000	9.073648e-007
6.418826121600189e-006	1.199992e+001	-5.999378e+000	8.412087e-007
6.428591746600189e-006	1.199992e+001	-5.999423e+000	7.798764e-007
6.438357371600189e-006	1.199993e+001	-5.999465e+000	7.230160e-007
6.448122996600188e-006	1.199993e+001	-5.999504e+000	6.703015e-007
6.457888621600188e-006	1.199994e+001	-5.999540e+000	6.214304e-007
6.467654246600187e-006	1.199994e+001	-5.999574e+000	5.761228e-007
6.477419871600187e-006	1.199995e+001	-5.999605e+000	5.341186e-007
6.487185496600187e-006	1.199995e+001	-5.999634e+000	4.951771e-007
6.496951121600186e-006	1.199995e+001	-5.999660e+000	4.590748e-007
6.506716746600186e-006	1.199996e+001	-5.999685e+000	4.256049e-007
6.516482371600185e-006	1.199996e+001	-5.999708e+000	3.945754e-007
6.526247996600185e-006	1.199996e+001	-5.999730e+000	3.658083e-007
6.536013621600185e-006	1.199997e+001	-5.999749e+000	3.391387e-007
6.545779246600184e-006	1.199997e+001	-5.999767e+000	3.144135e-007
6.565310496600183e-006	1.199997e+001	-5.999800e+000	2.702400e-007
6.584841746600183e-006	1.199998e+001	-5.999828e+000	2.322732e-007
6.604372996600182e-006	1.199998e+001	-5.999852e+000	1.996410e-007
6.623904246600181e-006	1.199998e+001	-5.999873e+000	1.715938e-007
6.643435496600180e-006	1.199998e+001	-5.999891e+000	1.474874e-007
6.662966746600179e-006	1.199999e+001	-5.999907e+000	1.267681e-007
6.682497996600179e-006	1.199999e+001	-5.999919e+000	1.089601e-007
6.702029246600178e-006	1.199999e+001	-5.999930e+000	9.365434e-008
6.721560496600177e-006	1.199999e+001	-5.999940e+000	8.049895e-008
6.741091746600176e-006	1.199999e+001	-5.999949e+000	6.919178e-008
6.760622996600176e-006	1.199999e+001	-5.999956e+000	5.947342e-008
6.780154246600175e-006	1.199999e+001	-5.999962e+000	5.112067e-008
6.799685496600174e-006	1.200000e+001	-5.999968e+000	4.394150e-008
6.819216746600173e-006	1.200000e+001	-5.999972e+000	3.777109e-008
6.848513621600172e-006	1.200000e+001	-5.999978e+000	3.010228e-008
6.877810496600171e-006	1.200000e+001	-5.999982e+000	2.399146e-008
6.907107371600170e-006	1.200000e+001	-5.999986e+000	1.912221e-008
6.936404246600168e-006	1.200000e+001	-5.999989e+000	1.524221e-008
6.965701121600167e-006	1.200000e+001	-5.999991e+000	1.215053e-008
6.989417639457309e-006	1.200000e+001	-5.999992e+000	1.022462e-008
7.013134157314451e-006	1.200000e+001	-5.999994e+000	8.522710e-009
7.036850675171593e-006	1.200000e+001	-5.999995e+000	7.044787e-009
7.060567193028734e-006	1.200000e+001	-5.999996e+000	5.790853e-009
7.084283710885877e-006	1.200000e+001	-5.999996e+000	4.760909e-009
7.108000228743018e-006	1.200000e+001	-5.999997e+000	3.954954e-009
7.131716746600160e-006	1.200000e+001	-5.999998e+000	3.372988e-009
7.172174335885873e-006	1.200000e+001	-5.999998e+000	2.578925e-009
7.212631925171586e-006	1.200000e+001	-5.999999e+000	1.907885e-009
7.253089514457299e-006	1.200000e+001	-5.999999e+000	1.359870e-009
7.293547103743011e-006	1.200000e+001	-5.999999e+000	9.348780e-010
7.334004693028723e-006	1.200000e+001	-5.999999e+000	6.329100e-010
7.374462282314436e-006	1.200000e+001	-5.999999e+000	4.539659e-010
7.414919871600149e-006	1.200000e+001	-6.000000e+000	3.980457e-010
7.573960050171571e-006	1.200000e+001	-6.000000e+000	2.448095e-010
7.733000228742993e-006	1.200000e+001	-6.000000e+000	1.249102e-010
7.892040407314415e-006	1.200000e+001	-6.000000e+000	3.834785e-011
8.051080585885837e-006	1.200000e+001	-6.000000e+000	-1.487764e-011
8.210120764457260e-006	1.200000e+001	-6.000000e+000	-3.476624e-011
8.369160943028682e-006	1.200000e+001	-6.000000e+000	-2.131794e-011
8.528201121600104e-006	1.200000e+001	-6.000000e+000	2.546724e-011
9.494997996600065e-006	1.200000e+001	-6.000000e+000	2.550457e-011
9.990234375000001e-006	1.200000e+001	-6.000000e+000	2.549427e-011
1.000000000000000e-005	1.200000e+001	-6.000000e+000	2.502287e-011
